720	3.36749999999999e-08	0	0
721	0	0	0
722	0	0	0
723	1.37249999999999e-08	0	0
724	4.24499999999998e-08	0	0
725	5.16749999999998e-08	0	0
726	4.88249999999999e-08	0	0
727	4.55999999999999e-08	0	0
728	4.44750000000001e-08	0	0
729	4.29750000000000e-08	0	0
730	4.58249999999999e-08	0	0
731	4.54499999999999e-08	0	0
732	4.39500000000001e-08	0	0
733	4.24500000000000e-08	0	0
734	4.34250000000000e-08	0	0
735	4.98749999999999e-08	0	0
736	5.82749999999999e-08	0	0
737	6.34499999999999e-08	0	0
738	6.84750000000000e-08	0	0
739	7.09499999999999e-08	0	0
740	7.37250000000001e-08	0	0
741	7.50000000000000e-08	0	0
742	7.53750000000000e-08	0	0
743	7.27500000000000e-08	0	0
744	5.94000000000001e-08	0	0
745	0	0	0
746	0	0	0
747	0	0	0
748	0	0	0
749	7.57499999999997e-09	0	0
750	2.31000000000001e-08	0	0
751	2.80500000000001e-08	0	0
752	2.90250000000000e-08	0	0
753	3.14999999999999e-08	0	0
754	3.23999999999999e-08	0	0
755	3.50999999999999e-08	0	0
756	3.57750000000000e-08	0	0
757	3.35999999999998e-08	0	0
758	2.71499999999999e-08	0	0
759	2.32499999999999e-08	0	0
760	3.17249999999999e-08	0	0
761	4.08749999999999e-08	0	0
762	4.71749999999999e-08	0	0
763	5.15999999999998e-08	0	0
764	5.51249999999999e-08	0	0
765	5.66250000000000e-08	0	0
766	5.61000000000000e-08	0	0
767	5.66250000000000e-08	0	0
768	5.72249999999999e-08	0	0
769	4.57500000000001e-08	0	0
770	0	0	0
771	0	0	0
772	0	0	0
773	0	0	0
774	6.00000000000034e-10	0	0
775	1.47750000000000e-08	0	0
776	1.75500000000000e-08	0	0
777	1.97249999999998e-08	0	0
778	1.96499999999998e-08	0	0
779	2.09999999999999e-08	0	0
780	2.25000000000000e-08	0	0
781	2.36999999999999e-08	0	0
782	1.93500000000000e-08	0	0
783	6.74999999999976e-09	0	0
784	0	0	0
785	8.02500000000002e-09	0	0
786	1.78499999999997e-08	0	0
787	1.67999999999999e-08	0	0
788	1.94249999999999e-08	0	0
789	2.11500000000000e-08	0	0
790	2.15249999999997e-08	0	0
791	2.31749999999999e-08	0	0
792	2.24999999999997e-08	0	0
793	2.09249999999999e-08	0	0
794	1.07999999999999e-08	0	0
795	0	0	0
796	0	0	0
797	0	0	0
798	0	0	0
799	0	0	0
800	2.24999999999985e-09	0	0
801	6.97499999999993e-09	0	0
802	1.01249999999999e-08	0	0
803	1.44749999999999e-08	0	0
804	1.64249999999999e-08	0	0
805	1.77749999999998e-08	0	0
806	1.85250000000000e-08	0	0
807	1.59750000000000e-08	0	0
808	4.49999999999981e-09	0	0
809	0	0	0
810	7.80000000000004e-09	0	0
811	1.40249999999999e-08	0	0
812	1.58250000000000e-08	0	0
813	1.91249999999997e-08	0	0
814	1.97999999999997e-08	0	0
815	2.21999999999999e-08	0	0
816	2.31000000000001e-08	0	0
817	2.47500000000000e-08	0	0
818	2.54999999999999e-08	0	0
819	1.76999999999999e-08	0	0
820	0	0	0
821	0	0	0
822	0	0	0
823	0	0	0
824	0	0	0
825	4.72499999999998e-09	0	0
826	8.24999999999999e-09	0	0
827	1.02750000000001e-08	0	0
828	1.07250000000001e-08	0	0
829	1.09500000000000e-08	0	0
830	1.27499999999999e-08	0	0
831	1.17749999999999e-08	0	0
832	9.82500000000012e-09	0	0
833	0	0	0
834	0	0	0
835	8.25000000000009e-10	0	0
836	7.27500000000000e-09	0	0
837	1.01250000000001e-08	0	0
838	1.07249999999998e-08	0	0
839	1.17000000000001e-08	0	0
840	1.33499999999997e-08	0	0
841	1.58250000000000e-08	0	0
842	1.76249999999998e-08	0	0
843	1.79999999999999e-08	0	0
844	1.05749999999999e-08	0	0
845	0	0	0
846	0	0	0
847	0	0	0
848	0	0	0
849	0	0	0
850	3.14999999999995e-09	0	0
851	5.85000000000006e-09	0	0
852	7.12499999999982e-09	0	0
853	1.02000000000000e-08	0	0
854	1.19250000000000e-08	0	0
855	1.43249999999998e-08	0	0
856	1.15499999999999e-08	0	0
857	6.74999999999996e-09	0	0
858	0	0	0
859	0	0	0
860	2.24999999999975e-10	0	0
861	5.62499999999998e-09	0	0
862	8.17500000000010e-09	0	0
863	8.39999999999998e-09	0	0
864	8.40000000000008e-09	0	0
865	9.07499999999980e-09	0	0
866	9.59999999999995e-09	0	0
867	8.47500000000007e-09	0	0
868	6.82500000000005e-09	0	0
869	1.49999999999984e-10	0	0
870	0	0	0
871	0	0	0
872	0	0	0
873	0	0	0
874	0	0	0
875	0	0	0
876	9.00000000000001e-10	0	0
877	1.72500000000001e-09	0	0
878	3.97499999999996e-09	0	0
879	2.47500000000013e-09	0	0
880	1.12499999999998e-09	0	0
881	0	0	0
882	0	0	0
883	0	0	0
884	0	0	0
885	0	0	0
886	0	0	0
887	0	0	0
888	0	0	0
889	0	0	0
890	0	0	0
891	0	0	0
892	0	0	0
893	0	0	0
894	0	0	0
895	0	0	0
896	0	0	0
897	0	0	0
898	0	0	0
899	0	0	0
900	0	0	0
901	0	0	0
902	0	0	0
903	0	0	0
904	2.85000000000009e-09	0	0
905	2.92500000000018e-09	0	0
906	2.09999999999997e-09	0	0
907	0	0	0
908	0	0	0
909	0	0	0
910	2.25000000000075e-10	0	0
911	5.47500000000010e-09	0	0
912	7.12500000000002e-09	0	0
913	9.14999999999989e-09	0	0
914	1.24499999999999e-08	0	0
915	1.53000000000000e-08	0	0
916	1.71750000000000e-08	0	0
917	1.88249999999999e-08	0	0
918	1.89749999999998e-08	0	0
919	1.42499999999999e-08	0	0
920	1.07250000000000e-08	0	0
921	1.03500000000000e-08	0	0
922	1.65749999999998e-08	0	0
923	2.47500000000000e-08	0	0
924	3.33749999999999e-08	0	0
925	3.99749999999999e-08	0	0
926	4.54499999999999e-08	0	0
927	5.13000000000001e-08	0	0
928	5.71499999999998e-08	0	0
929	6.04499999999999e-08	0	0
930	6.25499999999999e-08	0	0
931	6.06750000000000e-08	0	0
932	4.76999999999999e-08	0	0
933	3.75000000000009e-09	0	0
934	4.64999999999999e-09	0	0
935	1.09499999999999e-08	0	0
936	1.43999999999999e-08	0	0
937	1.77000000000000e-08	0	0
938	1.82250000000001e-08	0	0
939	1.97249999999998e-08	0	0
940	2.07749999999999e-08	0	0
941	2.35499999999998e-08	0	0
942	2.48249999999998e-08	0	0
943	2.42999999999999e-08	0	0
944	2.07749999999997e-08	0	0
945	1.86749999999999e-08	0	0
946	2.21250000000000e-08	0	0
947	3.04500000000000e-08	0	0
948	3.95999999999999e-08	0	0
949	4.79249999999999e-08	0	0
950	5.42250000000000e-08	0	0
951	6.03000000000001e-08	0	0
952	6.40499999999999e-08	0	0
953	6.95999999999998e-08	0	0
954	7.06500000000001e-08	0	0
955	6.97500000000000e-08	0	0
956	6.78000000000000e-08	0	0
957	5.06249999999998e-08	0	0
958	1.11750000000000e-08	0	0
959	1.05000000000001e-08	0	0
960	1.78499999999999e-08	0	0
961	2.09999999999999e-08	0	0
962	2.33249999999999e-08	0	0
963	2.78249999999999e-08	0	0
964	3.00000000000000e-08	0	0
965	3.32999999999998e-08	0	0
966	3.46500000000001e-08	0	0
967	3.71249999999997e-08	0	0
968	3.76499999999999e-08	0	0
969	3.68250000000000e-08	0	0
970	3.55499999999998e-08	0	0
971	4.19999999999999e-08	0	0
972	5.07750000000000e-08	0	0
973	5.99999999999999e-08	0	0
974	6.84000000000002e-08	0	0
975	7.44750000000000e-08	0	0
976	8.00999999999999e-08	0	0
977	8.47499999999999e-08	0	0
978	8.82000000000001e-08	0	0
979	9.00000000000000e-08	0	0
980	9.00000000000000e-08	0	0
981	8.88750000000000e-08	0	0
982	8.26499999999998e-08	0	0
983	7.97249999999998e-08	0	0
984	8.13000000000001e-08	0	0
985	8.46750000000002e-08	0	0
986	8.83500000000000e-08	0	0
987	9.00000000000000e-08	0	0
988	9.00000000000000e-08	0	0
989	9.00000000000000e-08	0	0
990	9.00000000000000e-08	0	0
991	9.00000000000000e-08	0	0
992	9.00000000000000e-08	0	0
993	9.00000000000000e-08	0	0
994	9.00000000000000e-08	0	0
995	9.00000000000000e-08	0	0
996	9.00000000000000e-08	0	0
997	9.00000000000000e-08	0	0
998	9.00000000000000e-08	0	0
999	9.00000000000000e-08	0	0
1000	9.00000000000000e-08	0	0
1001	9.00000000000000e-08	0	0
1002	9.00000000000000e-08	0	0
1003	9.00000000000000e-08	0	0
1004	9.00000000000000e-08	0	0
1005	9.00000000000000e-08	0	0
1006	9.00000000000000e-08	0	0
1007	9.00000000000000e-08	0	0
1008	9.00000000000000e-08	0	0
1009	9.00000000000000e-08	0	0
1010	9.00000000000000e-08	0	0
1011	9.00000000000000e-08	0	0
1012	9.00000000000000e-08	0	0
1013	9.00000000000000e-08	0	0
1014	9.00000000000000e-08	0	0
1015	9.00000000000000e-08	0	0
1016	9.00000000000000e-08	0	0
1017	9.00000000000000e-08	0	0
1018	9.00000000000000e-08	0	0
1019	9.00000000000000e-08	0	0
1020	9.00000000000000e-08	0	0
1021	9.00000000000000e-08	0	0
1022	9.00000000000000e-08	0	0
1023	9.00000000000000e-08	0	0
1024	9.00000000000000e-08	0	0
1025	9.00000000000000e-08	0	0
1026	9.00000000000000e-08	0	0
1027	9.00000000000000e-08	0	0
1028	9.00000000000000e-08	0	0
1029	9.00000000000000e-08	0	0
1030	9.00000000000000e-08	0	0
1031	9.00000000000000e-08	0	0
1032	9.00000000000000e-08	0	0
1033	9.00000000000000e-08	0	0
1034	9.00000000000000e-08	0	0
1035	9.00000000000000e-08	0	0
1036	9.00000000000000e-08	0	0
1037	9.00000000000000e-08	0	0
1038	9.00000000000000e-08	0	0
1039	9.00000000000000e-08	0	0
1040	9.00000000000000e-08	0	0
1041	9.00000000000000e-08	0	0
1042	9.00000000000000e-08	0	0
1043	9.00000000000000e-08	0	0
1044	9.00000000000000e-08	0	0
1045	9.00000000000000e-08	0	0
1046	9.00000000000000e-08	0	0
1047	9.00000000000000e-08	0	0
1048	9.00000000000000e-08	0	0
1049	9.00000000000000e-08	0	0
1050	9.00000000000000e-08	0	0
1051	9.00000000000000e-08	0	0
1052	9.00000000000000e-08	0	0
1053	9.00000000000000e-08	0	0
1054	9.00000000000000e-08	0	0
1055	9.00000000000000e-08	0	0